{"data": [["36", "5392", 33.34167692256793], ["5392", "36", 33.34167692256793], ["8535", "3708", 53.21201867143653], ["3708", "8535", 53.21201867143653], ["70", "4102", 79.40476368902313], ["4102", "70", 79.40476368902313], ["70", "111", 133.44592377283652], ["111", "70", 133.44592377283652], ["70", "260", 148.6464952918215], ["260", "70", 148.6464952918215], ["71", "176", 57.666455622277745], ["176", "71", 57.666455622277745], ["71", "5735", 81.36112276836516], ["5735", "71", 81.36112276836516], ["71", "361", 162.22750343064172], ["361", "71", 162.22750343064172], ["72", "7530", 39.018674490725466], ["7530", "72", 39.018674490725466], ["72", "468", 13.792393094136202], ["468", "72", 13.792393094136202], ["72", "7529", 16.192208123455032], ["7529", "72", 16.192208123455032], ["72", "5377", 134.33765340137057], ["5377", "72", 134.33765340137057], ["72", "7528", 16.924664304744567], ["7528", "72", 16.924664304744567], ["73", "5097", 9.477038370303518], ["5097", "73", 9.477038370303518], ["73", "7819", 8.326533103601987], ["7819", "73", 8.326533103601987], ["73", "463", 154.34567492655276], ["463", "73", 154.34567492655276], ["73", "191", 54.07821678661324], ["191", "73", 54.07821678661324], ["74", "456", 10.695262255026128], ["456", "74", 10.695262255026128], ["74", "461", 11.382801862781305], ["461", "74", 11.382801862781305], ["74", "8495", 12.671143021409154], ["8495", "74", 12.671143021409154], ["74", "8152", 14.019949107139144], ["8152", "74", 14.019949107139144], ["75", "463", 6.698280105167093], ["463", "75", 6.698280105167093], ["75", "3385", 13.276489641934374], ["3385", "75", 13.276489641934374], ["75", "8152", 315.389318673596], ["8152", "75", 315.389318673596], ["75", "6648", 55.61179154040841], ["6648", "75", 55.61179154040841], ["76", "5277", 42.496401875545324], ["5277", "76", 42.496401875545324], ["76", "6648", 17.016286522252212], ["6648", "76", 17.016286522252212], ["76", "6748", 19.696857356572565], ["6748", "76", 19.696857356572565], ["76", "5090", 313.63245995195047], ["5090", "76", 313.63245995195047], ["77", "986", 10.73706153054408], ["986", "77", 10.73706153054408], ["77", "5907", 66.43656035683613], ["5907", "77", 66.43656035683613], ["77", "252", 131.82031210388212], ["252", "77", 131.82031210388212], ["77", "5869", 14.36143794848708], ["5869", "77", 14.36143794848708], ["78", "379", 36.284757141560355], ["379", "78", 36.284757141560355], ["78", "79", 63.38239612381081], ["79", "78", 63.38239612381081], ["78", "5790", 29.823571561886617], ["5790", "78", 29.823571561886617], ["79", "961", 20.3599412499206], ["961", "79", 20.3599412499206], ["79", "8671", 211.81421122663187], ["8671", "79", 211.81421122663187], ["79", "938", 55.956943980947635], ["938", "79", 55.956943980947635], ["83", "84", 75.12435908134763], ["84", "83", 75.12435908134763], ["83", "4025", 4.201504101309876], ["4025", "83", 4.201504101309876], ["83", "5008", 54.76267137559312], ["5008", "83", 54.76267137559312], ["84", "3199", 83.04822530002315], ["3199", "84", 83.04822530002315], ["84", "85", 92.00853542152782], ["85", "84", 92.00853542152782], ["85", "3198", 42.70481797058164], ["3198", "85", 42.70481797058164], ["85", "975", 17.25000049420724], ["975", "85", 17.25000049420724], ["86", "3198", 71.85710956402352], ["3198", "86", 71.85710956402352], ["86", "3099", 28.69312922139047], ["3099", "86", 28.69312922139047], ["86", "229", 122.03184563330323], ["229", "86", 122.03184563330323], ["87", "3099", 10.117315944448272], ["3099", "87", 10.117315944448272], ["87", "949", 149.34618096119877], ["949", "87", 149.34618096119877], ["87", "6751", 60.0034855452848], ["6751", "87", 60.0034855452848], ["88", "6751", 28.228928699778592], ["6751", "88", 28.228928699778592], ["88", "3952", 5.524574066830278], ["3952", "88", 5.524574066830278], ["88", "953", 59.14042933109745], ["953", "88", 59.14042933109745], ["89", "5680", 13.149386088693761], ["5680", "89", 13.149386088693761], ["89", "238", 41.323898793286396], ["238", "89", 41.323898793286396], ["89", "97", 15.579061607620567], ["97", "89", 15.579061607620567], ["90", "457", 7.944797230976033], ["457", "90", 7.944797230976033], ["90", "5377", 256.1911525613852], ["5377", "90", 256.1911525613852], ["90", "5515", 176.09232702353066], ["5515", "90", 176.09232702353066], ["90", "8671", 61.64444445727284], ["8671", "90", 61.64444445727284], ["91", "941", 64.76867478210116], ["941", "91", 64.76867478210116], ["91", "1089", 57.71554110497718], ["1089", "91", 57.71554110497718], ["91", "937", 165.21612170145494], ["937", "91", 165.21612170145494], ["91", "126", 175.3218810961849], ["126", "91", 175.3218810961849], ["92", "6589", 42.404519478295974], ["6589", "92", 42.404519478295974], ["92", "5898", 36.689432267814915], ["5898", "92", 36.689432267814915], ["92", "864", 71.43638743484271], ["864", "92", 71.43638743484271], ["92", "5206", 80.34313286528248], ["5206", "92", 80.34313286528248], ["93", "4820", 57.91855034568489], ["4820", "93", 57.91855034568489], ["93", "966", 284.7471489778773], ["966", "93", 284.7471489778773], ["93", "124", 28.223853208687242], ["124", "93", 28.223853208687242], ["94", "4985", 12.349053094226255], ["4985", "94", 12.349053094226255], ["94", "239", 69.48565435660394], ["239", "94", 69.48565435660394], ["94", "4983", 48.0839212186267], ["4983", "94", 48.0839212186267], ["97", "5510", 11.334767276971073], ["5510", "97", 11.334767276971073], ["97", "4974", 32.765104992812645], ["4974", "97", 32.765104992812645], ["98", "830", 111.17466313007759], ["830", "98", 111.17466313007759], ["101", "1107", 20.278511180645914], ["1107", "101", 20.278511180645914], ["101", "126", 12.69515779956581], ["126", "101", 12.69515779956581], ["101", "5205", 40.76314032340654], ["5205", "101", 40.76314032340654], ["102", "814", 52.669624482975934], ["814", "102", 52.669624482975934], ["102", "5736", 172.3614250639722], ["5736", "102", 172.3614250639722], ["102", "8734", 55.5176462586961], ["8734", "102", 55.5176462586961], ["102", "937", 52.309454154957926], ["937", "102", 52.309454154957926], ["103", "466", 8.47528732930016], ["466", "103", 8.47528732930016], ["103", "8735", 97.25283112279098], ["8735", "103", 97.25283112279098], ["103", "5742", 110.98184006014866], ["5742", "103", 110.98184006014866], ["103", "8734", 72.29591022639624], ["8734", "103", 72.29591022639624], ["104", "5379", 5.02036624925478], ["5379", "104", 5.02036624925478], ["104", "8832", 8.790147892760235], ["8832", "104", 8.790147892760235], ["104", "8831", 7.673318042046247], ["8831", "104", 7.673318042046247], ["104", "105", 32.60550523734529], ["105", "104", 32.60550523734529], ["109", "7613", 123.25333330033997], ["7613", "109", 123.25333330033997], ["111", "460", 9.745148111562639], ["460", "111", 9.745148111562639], ["111", "5090", 14.349243397387363], ["5090", "111", 14.349243397387363], ["111", "8495", 55.58246683333412], ["8495", "111", 55.58246683333412], ["122", "5005", 43.68938508476173], ["5005", "122", 43.68938508476173], ["122", "850", 44.66908113700072], ["850", "122", 44.66908113700072], ["122", "3195", 88.3051146817428], ["3195", "122", 88.3051146817428], ["122", "882", 170.61199962309212], ["882", "122", 170.61199962309212], ["123", "5785", 5.606038511933019], ["5785", "123", 5.606038511933019], ["123", "5780", 68.11323015176306], ["5780", "123", 68.11323015176306], ["123", "1432", 69.45044380773386], ["1432", "123", 69.45044380773386], ["124", "5107", 9.118919433309847], ["5107", "124", 9.118919433309847], ["124", "125", 42.16842464848047], ["125", "124", 42.16842464848047], ["125", "973", 23.06479994187695], ["973", "125", 23.06479994187695], ["125", "4818", 101.82874874382404], ["4818", "125", 101.82874874382404], ["126", "5755", 23.93439767315229], ["5755", "126", 23.93439767315229], ["127", "1103", 52.79068282942598], ["1103", "127", 52.79068282942598], ["138", "139", 9.44580609275633], ["139", "138", 9.44580609275633], ["138", "470", 8.203467254418454], ["470", "138", 8.203467254418454], ["138", "388", 49.923881458948685], ["388", "138", 49.923881458948685], ["138", "4940", 74.4820392592712], ["4940", "138", 74.4820392592712], ["139", "469", 8.042091082389085], ["469", "139", 8.042091082389085], ["139", "388", 49.58168312085118], ["388", "139", 49.58168312085118], ["139", "6595", 30.761535770723512], ["6595", "139", 30.761535770723512], ["140", "142", 38.16169227491926], ["142", "140", 38.16169227491926], ["140", "4804", 78.20568265656243], ["4804", "140", 78.20568265656243], ["140", "389", 42.32067346527707], ["389", "140", 42.32067346527707], ["142", "389", 62.396660862183296], ["389", "142", 62.396660862183296], ["142", "2117", 93.39127839826419], ["2117", "142", 93.39127839826419], ["151", "254", 80.30613943334157], ["254", "151", 80.30613943334157], ["151", "6595", 70.42244198176259], ["6595", "151", 70.42244198176259], ["151", "4777", 61.78521959954556], ["4777", "151", 61.78521959954556], ["152", "8410", 11.779753601965151], ["8410", "152", 11.779753601965151], ["152", "382", 38.44580220564826], ["382", "152", 38.44580220564826], ["152", "8414", 22.665993678953146], ["8414", "152", 22.665993678953146], ["152", "254", 128.17137197954526], ["254", "152", 128.17137197954526], ["153", "7495", 112.26175456937584], ["7495", "153", 112.26175456937584], ["159", "5092", 14.90793981257107], ["5092", "159", 14.90793981257107], ["159", "2804", 62.00228521047831], ["2804", "159", 62.00228521047831], ["159", "8268", 8.071382109035149], ["8268", "159", 8.071382109035149], ["160", "8464", 7.462842410320329], ["8464", "160", 7.462842410320329], ["160", "7912", 16.654615603358476], ["7912", "160", 16.654615603358476], ["160", "3987", 5.91114586583958], ["3987", "160", 5.91114586583958], ["161", "162", 12.330394255112449], ["162", "161", 12.330394255112449], ["161", "4996", 7.450639875811545], ["4996", "161", 7.450639875811545], ["161", "8359", 22.313362342776816], ["8359", "161", 22.313362342776816], ["162", "3787", 15.339726382041132], ["3787", "162", 15.339726382041132], ["162", "8167", 65.92899337205841], ["8167", "162", 65.92899337205841], ["162", "8096", 6.365747200649821], ["8096", "162", 6.365747200649821], ["163", "3784", 8.494396402065467], ["3784", "163", 8.494396402065467], ["163", "7857", 9.058450265027474], ["7857", "163", 9.058450265027474], ["163", "4995", 35.14986700266212], ["4995", "163", 35.14986700266212], ["163", "3987", 12.490094810911359], ["3987", "163", 12.490094810911359], ["165", "8416", 9.930700780751694], ["8416", "165", 9.930700780751694], ["165", "381", 8.76700893199127], ["381", "165", 8.76700893199127], ["165", "7937", 8.13392829532063], ["7937", "165", 8.13392829532063], ["165", "8411", 30.1630081599209], ["8411", "165", 30.1630081599209], ["166", "1080", 32.889534797853656], ["1080", "166", 32.889534797853656], ["166", "3656", 10.595071432129515], ["3656", "166", 10.595071432129515], ["166", "3091", 46.55807914870746], ["3091", "166", 46.55807914870746], ["167", "3087", 63.87766630478437], ["3087", "167", 63.87766630478437], ["167", "168", 119.2190951614999], ["168", "167", 119.2190951614999], ["167", "4968", 162.59245616808113], ["4968", "167", 162.59245616808113], ["168", "423", 148.79400309829268], ["423", "168", 148.79400309829268], ["168", "8416", 177.85278859661446], ["8416", "168", 177.85278859661446], ["168", "383", 142.99540335128256], ["383", "168", 142.99540335128256], ["169", "1031", 26.902174590015868], ["1031", "169", 26.902174590015868], ["169", "7268", 19.186744061594112], ["7268", "169", 19.186744061594112], ["169", "927", 15.094271721867704], ["927", "169", 15.094271721867704], ["170", "8129", 26.50687261791862], ["8129", "170", 26.50687261791862], ["170", "8128", 1.874176298719511], ["8128", "170", 1.874176298719511], ["170", "171", 64.23390865909899], ["171", "170", 64.23390865909899], ["171", "8130", 10.177348160465181], ["8130", "171", 10.177348160465181], ["171", "965", 10.449279689798903], ["965", "171", 10.449279689798903], ["171", "436", 25.57280613580897], ["436", "171", 25.57280613580897], ["176", "459", 8.303861863055982], ["459", "176", 8.303861863055982], ["176", "5515", 159.66149827941857], ["5515", "176", 159.66149827941857], ["177", "8561", 37.81962769356612], ["8561", "177", 37.81962769356612], ["177", "7856", 67.95725019356672], ["7856", "177", 67.95725019356672], ["177", "459", 126.0975402492942], ["459", "177", 126.0975402492942], ["191", "7906", 6.980686701719251], ["7906", "191", 6.980686701719251], ["191", "3553", 28.051727759698416], ["3553", "191", 28.051727759698416], ["192", "8360", 10.065839315437316], ["8360", "192", 10.065839315437316], ["192", "8359", 42.00971574117809], ["8359", "192", 42.00971574117809], ["192", "2803", 54.198361520950684], ["2803", "192", 54.198361520950684], ["197", "5727", 5.87607477506847], ["5727", "197", 5.87607477506847], ["197", "5732", 5.318231643091693], ["5732", "197", 5.318231643091693], ["197", "3135", 91.49699592516923], ["3135", "197", 91.49699592516923], ["197", "872", 45.27903637416997], ["872", "197", 45.27903637416997], ["201", "8832", 273.0259303786804], ["8832", "201", 273.0259303786804], ["210", "872", 4.027950965294802], ["872", "210", 4.027950965294802], ["210", "5729", 5.527470227989203], ["5729", "210", 5.527470227989203], ["210", "818", 25.708205847936096], ["818", "210", 25.708205847936096], ["212", "5392", 53.81297282170612], ["5392", "212", 53.81297282170612], ["214", "3933", 63.9619868833948], ["3933", "214", 63.9619868833948], ["214", "6772", 18.62167004598769], ["6772", "214", 18.62167004598769], ["214", "8625", 16.976010650459934], ["8625", "214", 16.976010650459934], ["214", "5168", 36.36750033757149], ["5168", "214", 36.36750033757149], ["214", "4025", 88.18247834280372], ["4025", "214", 88.18247834280372], ["215", "5358", 95.44585867434215], ["5358", "215", 95.44585867434215], ["215", "464", 72.62466446100481], ["464", "215", 72.62466446100481], ["215", "8625", 202.5361221375124], ["8625", "215", 202.5361221375124], ["216", "465", 5.64208902524194], ["465", "216", 5.64208902524194], ["216", "5912", 72.98149745780012], ["5912", "216", 72.98149745780012], ["216", "3932", 207.94601585677276], ["3932", "216", 207.94601585677276], ["218", "6538", 69.46191713837833], ["6538", "218", 69.46191713837833], ["218", "222", 42.53068770199109], ["222", "218", 42.53068770199109], ["218", "6537", 71.63035121359962], ["6537", "218", 71.63035121359962], ["219", "220", 84.92891756616181], ["220", "219", 84.92891756616181], ["219", "6538", 52.61526254508138], ["6538", "219", 52.61526254508138], ["219", "5517", 10.49968843935638], ["5517", "219", 10.49968843935638], ["220", "4802", 27.314347787316763], ["4802", "220", 27.314347787316763], ["220", "221", 85.27230493783304], ["221", "220", 85.27230493783304], ["221", "962", 21.68640072280422], ["962", "221", 21.68640072280422], ["221", "6537", 65.30260425029559], ["6537", "221", 65.30260425029559], ["222", "5008", 51.86127019901079], ["5008", "222", 51.86127019901079], ["222", "983", 28.16401504987612], ["983", "222", 28.16401504987612], ["223", "962", 62.804585974509], ["962", "223", 62.804585974509], ["223", "5616", 2.575747282841167], ["5616", "223", 2.575747282841167], ["223", "2042", 46.54494353927445], ["2042", "223", 46.54494353927445], ["223", "6748", 39.94501651301354], ["6748", "223", 39.94501651301354], ["224", "5277", 25.21075868079768], ["5277", "224", 25.21075868079768], ["224", "986", 70.50624971334798], ["986", "224", 70.50624971334798], ["224", "225", 88.11436468600859], ["225", "224", 88.11436468600859], ["224", "5090", 350.4772067005545], ["5090", "224", 350.4772067005545], ["225", "5616", 51.33850733950694], ["5616", "225", 51.33850733950694], ["225", "4041", 36.55655551406167], ["4041", "225", 36.55655551406167], ["226", "4041", 4.193333271268303], ["4041", "226", 4.193333271268303], ["226", "974", 77.81337826713377], ["974", "226", 77.81337826713377], ["226", "956", 93.41905865814687], ["956", "226", 93.41905865814687], ["227", "987", 74.86026922668935], ["987", "227", 74.86026922668935], ["227", "944", 62.65539090984385], ["944", "227", 62.65539090984385], ["227", "974", 78.16850978682264], ["974", "227", 78.16850978682264], ["228", "3704", 1.598570101142409], ["3704", "228", 1.598570101142409], ["228", "944", 69.30395808916455], ["944", "228", 69.30395808916455], ["228", "983", 177.32975566892642], ["983", "228", 177.32975566892642], ["228", "231", 58.947709808854796], ["231", "228", 58.947709808854796], ["229", "231", 15.945243030570417], ["231", "229", 15.945243030570417], ["229", "3705", 6.853335932279331], ["3705", "229", 6.853335932279331], ["230", "3199", 25.880344156788034], ["3199", "230", 25.880344156788034], ["230", "3704", 46.75051909033514], ["3704", "230", 46.75051909033514], ["230", "3705", 34.33772722237826], ["3705", "230", 34.33772722237826], ["231", "232", 53.59871425397123], ["232", "231", 53.59871425397123], ["232", "949", 50.569047706209766], ["949", "232", 50.569047706209766], ["232", "4975", 8.60917697818185], ["4975", "232", 8.60917697818185], ["233", "5881", 82.67650729422175], ["5881", "233", 82.67650729422175], ["233", "5131", 65.073979406867], ["5131", "233", 65.073979406867], ["233", "988", 80.28193027336829], ["988", "233", 80.28193027336829], ["233", "843", 104.36475373094028], ["843", "233", 104.36475373094028], ["234", "5218", 23.83123763456326], ["5218", "234", 23.83123763456326], ["234", "3462", 21.40318840152002], ["3462", "234", 21.40318840152002], ["234", "5131", 6.880483800092422], ["5131", "234", 6.880483800092422], ["235", "5219", 6.054757786791286], ["5219", "235", 6.054757786791286], ["235", "850", 70.8043615122626], ["850", "235", 70.8043615122626], ["235", "4972", 55.19428717649588], ["4972", "235", 55.19428717649588], ["236", "4973", 5.993648232095566], ["4973", "236", 5.993648232095566], ["236", "237", 102.83985316761357], ["237", "236", 102.83985316761357], ["236", "4971", 50.73210127559361], ["4971", "236", 50.73210127559361], ["237", "239", 99.61247198412315], ["239", "237", 99.61247198412315], ["237", "6618", 50.22476449810327], ["6618", "237", 50.22476449810327], ["237", "5879", 106.9623494475011], ["5879", "237", 106.9623494475011], ["238", "5881", 55.621041414839695], ["5881", "238", 55.621041414839695], ["238", "6618", 82.48268791497422], ["6618", "238", 82.48268791497422], ["239", "966", 20.23337205848424], ["966", "239", 20.23337205848424], ["249", "255", 8.03495811834871], ["255", "249", 8.03495811834871], ["249", "889", 137.5012618200615], ["889", "249", 137.5012618200615], ["249", "5749", 97.7441067371921], ["5749", "249", 97.7441067371921], ["249", "5740", 70.47932358574334], ["5740", "249", 70.47932358574334], ["252", "1101", 72.33171318161583], ["1101", "252", 72.33171318161583], ["252", "260", 40.44956240192721], ["260", "252", 40.44956240192721], ["252", "1102", 52.47508879539557], ["1102", "252", 52.47508879539557], ["254", "4778", 61.36743886873496], ["4778", "254", 61.36743886873496], ["255", "5736", 28.917430537954964], ["5736", "255", 28.917430537954964], ["255", "979", 76.06258398283046], ["979", "255", 76.06258398283046], ["257", "5780", 15.41517653709071], ["5780", "257", 15.41517653709071], ["257", "264", 107.1063438321058], ["264", "257", 107.1063438321058], ["257", "817", 83.3313045274254], ["817", "257", 83.3313045274254], ["260", "354", 27.10704742080799], ["354", "260", 27.10704742080799], ["262", "4778", 200.8262607467281], ["4778", "262", 200.8262607467281], ["262", "1037", 30.38422662267445], ["1037", "262", 30.38422662267445], ["262", "264", 79.8700845664294], ["264", "262", 79.8700845664294], ["264", "4777", 195.07894135791932], ["4777", "264", 195.07894135791932], ["268", "5089", 11.515460625514468], ["5089", "268", 11.515460625514468], ["268", "3708", 254.78061421753662], ["3708", "268", 254.78061421753662], ["268", "8543", 9.065253204904378], ["8543", "268", 9.065253204904378], ["268", "8663", 105.53371578277086], ["8663", "268", 105.53371578277086], ["328", "3116", 7.449410164073183], ["3116", "328", 7.449410164073183], ["328", "3200", 145.5660281509662], ["3200", "328", 145.5660281509662], ["340", "8663", 12.107689602978965], ["8663", "340", 12.107689602978965], ["340", "1161", 154.99691072585145], ["1161", "340", 154.99691072585145], ["340", "5089", 105.77580345593346], ["5089", "340", 105.77580345593346], ["340", "5855", 38.951268224525], ["5855", "340", 38.951268224525], ["347", "368", 8.82787005557466], ["368", "347", 8.82787005557466], ["347", "379", 116.91839564671386], ["379", "347", 116.91839564671386], ["347", "375", 81.53251288853761], ["375", "347", 81.53251288853761], ["356", "7540", 2.054549377054993], ["7540", "356", 2.054549377054993], ["356", "842", 73.025638620422], ["842", "356", 73.025638620422], ["356", "5744", 46.62892653188368], ["5744", "356", 46.62892653188368], ["360", "369", 8.729038556304634], ["369", "360", 8.729038556304634], ["361", "375", 81.24539533487834], ["375", "361", 81.24539533487834], ["361", "5099", 149.119934883591], ["5099", "361", 149.119934883591], ["362", "368", 21.64222448501502], ["368", "362", 21.64222448501502], ["364", "369", 7.170960004875943], ["369", "364", 7.170960004875943], ["365", "5868", 77.22105021287499], ["5868", "365", 77.22105021287499], ["365", "5099", 9.445313752876151], ["5099", "365", 9.445313752876151], ["365", "6746", 80.72825598593566], ["6746", "365", 80.72825598593566], ["366", "4768", 4.725033552782492], ["4768", "366", 4.725033552782492], ["366", "378", 122.40897851031356], ["378", "366", 122.40897851031356], ["366", "878", 62.50554164922081], ["878", "366", 62.50554164922081], ["368", "4980", 34.181135349594186], ["4980", "368", 34.181135349594186], ["369", "375", 103.65254634640655], ["375", "369", 103.65254634640655], ["371", "4037", 73.08089072977005], ["4037", "371", 73.08089072977005], ["371", "5099", 86.66557688228505], ["5099", "371", 86.66557688228505], ["371", "950", 92.15432296176142], ["950", "371", 92.15432296176142], ["371", "375", 133.0941505813202], ["375", "371", 133.0941505813202], ["372", "5739", 110.83536481976437], ["5739", "372", 110.83536481976437], ["372", "5744", 79.05541425009436], ["5744", "372", 79.05541425009436], ["372", "961", 217.28819688749945], ["961", "372", 217.28819688749945], ["374", "3809", 47.96043783915324], ["3809", "374", 47.96043783915324], ["374", "3092", 121.5927207444], ["3092", "374", 121.5927207444], ["374", "3084", 27.67589154190655], ["3084", "374", 27.67589154190655], ["378", "3092", 143.8205621734667], ["3092", "378", 143.8205621734667], ["378", "3087", 109.93288188726572], ["3087", "378", 109.93288188726572], ["378", "3808", 10.854280590038382], ["3808", "378", 10.854280590038382], ["379", "950", 55.93885056428429], ["950", "379", 55.93885056428429], ["380", "1102", 33.00090510335876], ["1102", "380", 33.00090510335876], ["381", "8420", 4.398661379210918], ["8420", "381", 4.398661379210918], ["381", "8416", 9.581713233488873], ["8416", "381", 9.581713233488873], ["381", "382", 31.132471287496678], ["382", "381", 31.132471287496678], ["381", "8414", 38.63230431221508], ["8414", "381", 38.63230431221508], ["382", "383", 220.64796634055295], ["383", "382", 220.64796634055295], ["383", "1037", 66.8282261117127], ["1037", "383", 66.8282261117127], ["383", "1036", 118.90193484769691], ["1036", "383", 118.90193484769691], ["384", "4968", 51.43302654133497], ["4968", "384", 51.43302654133497], ["384", "3564", 45.43855656899658], ["3564", "384", 45.43855656899658], ["384", "4692", 20.766581028693377], ["4692", "384", 20.766581028693377], ["385", "7316", 88.5620934419799], ["7316", "385", 88.5620934419799], ["385", "1029", 8.990969807399404], ["1029", "385", 8.990969807399404], ["385", "3361", 67.72341846105329], ["3361", "385", 67.72341846105329], ["386", "4695", 29.497548741399218], ["4695", "386", 29.497548741399218], ["386", "8259", 39.5037358297382], ["8259", "386", 39.5037358297382], ["386", "823", 30.226044883124157], ["823", "386", 30.226044883124157], ["386", "7031", 83.07246660901616], ["7031", "386", 83.07246660901616], ["387", "1033", 45.04196407823644], ["1033", "387", 45.04196407823644], ["387", "1030", 66.94913757949892], ["1030", "387", 66.94913757949892], ["387", "8129", 74.88170490941667], ["8129", "387", 74.88170490941667], ["388", "4941", 2.927123617432472], ["4941", "388", 2.927123617432472], ["388", "6595", 60.64888480058812], ["6595", "388", 60.64888480058812], ["389", "469", 68.85732588446999], ["469", "389", 68.85732588446999], ["393", "7521", 11.342322611905757], ["7521", "393", 11.342322611905757], ["393", "7522", 6.24588118600188], ["7522", "393", 6.24588118600188], ["393", "5740", 57.02575221627686], ["5740", "393", 57.02575221627686], ["393", "7528", 20.750190921228498], ["7528", "393", 20.750190921228498], ["398", "423", 91.40684436268954], ["423", "398", 91.40684436268954], ["406", "5515", 62.87875717903996], ["5515", "406", 62.87875717903996], ["412", "5929", 101.45897921199777], ["5929", "412", 101.45897921199777], ["414", "7973", 26.17487283588817], ["7973", "414", 26.17487283588817], ["414", "2890", 59.839574138994266], ["2890", "414", 59.839574138994266], ["414", "7975", 48.752000949349316], ["7975", "414", 48.752000949349316], ["423", "2890", 2.822790230641978], ["2890", "423", 2.822790230641978], ["429", "3921", 34.81970178212771], ["3921", "429", 34.81970178212771], ["429", "4769", 28.48117510234556], ["4769", "429", 28.48117510234556], ["429", "1066", 210.39438092977767], ["1066", "429", 210.39438092977767], ["436", "7030", 14.86347065727068], ["7030", "436", 14.86347065727068], ["436", "5733", 39.72625630130668], ["5733", "436", 39.72625630130668], ["436", "8130", 25.69981461442518], ["8130", "436", 25.69981461442518], ["436", "1079", 121.92708246782882], ["1079", "436", 121.92708246782882], ["437", "8199", 20.38392526700677], ["8199", "437", 20.38392526700677], ["437", "8150", 7.076823356744367], ["8150", "437", 7.076823356744367], ["437", "8148", 6.063741026298111], ["8148", "437", 6.063741026298111], ["438", "6774", 64.32267390996473], ["6774", "438", 64.32267390996473], ["454", "8167", 5.745646368299189], ["8167", "454", 5.745646368299189], ["454", "8097", 6.687228563095885], ["8097", "454", 6.687228563095885], ["454", "455", 130.46335829149052], ["455", "454", 130.46335829149052], ["455", "3553", 27.214455815007035], ["3553", "455", 27.214455815007035], ["455", "463", 109.02261660433149], ["463", "455", 109.02261660433149], ["456", "462", 11.544779341327079], ["462", "456", 11.544779341327079], ["456", "8153", 14.007810483503645], ["8153", "456", 14.007810483503645], ["456", "8161", 13.990179957699631], ["8161", "456", 13.990179957699631], ["457", "458", 180.3484301020342], ["458", "457", 180.3484301020342], ["457", "2038", 104.27711267039209], ["2038", "457", 104.27711267039209], ["457", "2039", 20.986962940031063], ["2039", "457", 20.986962940031063], ["458", "4899", 106.94026610226001], ["4899", "458", 106.94026610226001], ["458", "459", 156.47390253568093], ["459", "458", 156.47390253568093], ["459", "777", 149.54899391991478], ["777", "459", 149.54899391991478], ["460", "724", 149.96284650539482], ["724", "460", 149.96284650539482], ["460", "8496", 58.886114088157925], ["8496", "460", 58.886114088157925], ["461", "462", 11.829238294029606], ["462", "461", 11.829238294029606], ["461", "8145", 16.702090228665313], ["8145", "461", 16.702090228665313], ["461", "8496", 11.870803970012002], ["8496", "461", 11.870803970012002], ["462", "8164", 14.138421085773281], ["8164", "462", 14.138421085773281], ["462", "8144", 16.684213039344257], ["8144", "462", 16.684213039344257], ["463", "3554", 15.36218612696196], ["3554", "463", 15.36218612696196], ["463", "7007", 172.92488733020866], ["7007", "463", 172.92488733020866], ["464", "465", 18.054854305456253], ["465", "464", 18.054854305456253], ["464", "8663", 201.72072212513123], ["8663", "464", 201.72072212513123], ["464", "7007", 42.1736759355872], ["7007", "464", 42.1736759355872], ["465", "1161", 62.48651334652902], ["1161", "465", 62.48651334652902], ["466", "467", 202.6727121373091], ["467", "466", 202.6727121373091], ["466", "2533", 137.2788310742786], ["2533", "466", 137.2788310742786], ["466", "598", 133.41544634111753], ["598", "466", 133.41544634111753], ["467", "468", 76.68411132428908], ["468", "467", 76.68411132428908], ["468", "8674", 94.86224657876961], ["8674", "468", 94.86224657876961], ["469", "470", 9.984619181243254], ["470", "469", 9.984619181243254], ["469", "784", 136.0390139568982], ["784", "469", 136.0390139568982], ["470", "4803", 31.269798092175034], ["4803", "470", 31.269798092175034], ["470", "4804", 30.76775112214729], ["4804", "470", 30.76775112214729], ["471", "8418", 5.240957984925796], ["8418", "471", 5.240957984925796], ["471", "8419", 11.939817831087991], ["8419", "471", 11.939817831087991], ["471", "8415", 32.0225814766501], ["8415", "471", 32.0225814766501], ["471", "3176", 150.3854520875421], ["3176", "471", 150.3854520875421], ["473", "8690", 14.612979501376524], ["8690", "473", 14.612979501376524], ["473", "3129", 18.96097751468589], ["3129", "473", 18.96097751468589], ["473", "3176", 91.24617643653156], ["3176", "473", 91.24617643653156], ["570", "1123", 14.124978039894323], ["1123", "570", 14.124978039894323], ["570", "5130", 43.98509259974206], ["5130", "570", 43.98509259974206], ["570", "579", 147.46799850963833], ["579", "570", 147.46799850963833], ["579", "6582", 173.42254141058743], ["6582", "579", 173.42254141058743], ["592", "5129", 8.795486930100234], ["5129", "592", 8.795486930100234], ["592", "5130", 15.497772051296032], ["5130", "592", 15.497772051296032], ["592", "1123", 50.149784324585994], ["1123", "592", 50.149784324585994], ["598", "8698", 3.194456245079615], ["8698", "598", 3.194456245079615], ["598", "606", 102.49403092077134], ["606", "598", 102.49403092077134], ["606", "5929", 24.229512612446406], ["5929", "606", 24.229512612446406], ["692", "3567", 10.349379096996364], ["3567", "692", 10.349379096996364], ["692", "8417", 14.143077907176712], ["8417", "692", 14.143077907176712], ["692", "859", 36.07527018943799], ["859", "692", 36.07527018943799], ["703", "8417", 65.06936033492886], ["8417", "703", 65.06936033492886], ["705", "727", 11.914431129242558], ["727", "705", 11.914431129242558], ["705", "5877", 39.94618941573571], ["5877", "705", 39.94618941573571], ["724", "6574", 41.13172951079856], ["6574", "724", 41.13172951079856], ["724", "6575", 20.90067263011], ["6575", "724", 20.90067263011], ["727", "2176", 17.39175022978464], ["2176", "727", 17.39175022978464], ["727", "747", 133.18429225013614], ["747", "727", 133.18429225013614], ["736", "793", 11.069901500895453], ["793", "736", 11.069901500895453], ["736", "782", 21.3415563452262], ["782", "736", 21.3415563452262], ["736", "777", 23.755835925394216], ["777", "736", 23.755835925394216], ["737", "793", 8.021446024924208], ["793", "737", 8.021446024924208], ["743", "1977", 23.71711562765612], ["1977", "743", 23.71711562765612], ["743", "1974", 55.653162612235924], ["1974", "743", 55.653162612235924], ["747", "784", 194.36200068881664], ["784", "747", 194.36200068881664], ["761", "6575", 13.89335154605738], ["6575", "761", 13.89335154605738], ["777", "6574", 18.856630499338742], ["6574", "777", 18.856630499338742], ["782", "799", 19.946352078204775], ["799", "782", 19.946352078204775], ["782", "793", 30.370556754208124], ["793", "782", 30.370556754208124], ["784", "8410", 169.9570168059364], ["8410", "784", 169.9570168059364], ["789", "8417", 42.838948600944676], ["8417", "789", 42.838948600944676], ["812", "823", 126.51322146180249], ["823", "812", 126.51322146180249], ["812", "824", 269.32870781348845], ["824", "812", 269.32870781348845], ["812", "1073", 17.867163459998658], ["1073", "812", 17.867163459998658], ["812", "1079", 130.84651464187783], ["1079", "812", 130.84651464187783], ["814", "815", 47.1960590656669], ["815", "814", 47.1960590656669], ["814", "1042", 42.667345766377075], ["1042", "814", 42.667345766377075], ["814", "831", 206.3985783452366], ["831", "814", 206.3985783452366], ["815", "827", 39.26806016776055], ["827", "815", 39.26806016776055], ["815", "5783", 44.19854611615278], ["5783", "815", 44.19854611615278], ["816", "2527", 5.883628898584246], ["2527", "816", 5.883628898584246], ["817", "1038", 17.789954511805043], ["1038", "817", 17.789954511805043], ["817", "1039", 54.51584463053932], ["1039", "817", 54.51584463053932], ["818", "830", 8.027397833067937], ["830", "818", 8.027397833067937], ["818", "1083", 75.47948777231456], ["1083", "818", 75.47948777231456], ["821", "4943", 15.65248518128666], ["4943", "821", 15.65248518128666], ["821", "1432", 83.29189525072995], ["1432", "821", 83.29189525072995], ["821", "822", 36.35262167177757], ["822", "821", 36.35262167177757], ["821", "8673", 81.18295715114945], ["8673", "821", 81.18295715114945], ["822", "4939", 23.389609698357248], ["4939", "822", 23.389609698357248], ["822", "4940", 34.32919908632191], ["4940", "822", 34.32919908632191], ["823", "3807", 31.688833108161273], ["3807", "823", 31.688833108161273], ["827", "2527", 41.84988118626117], ["2527", "827", 41.84988118626117], ["827", "4944", 2.968227975037115], ["4944", "827", 2.968227975037115], ["830", "907", 38.512048216438345], ["907", "830", 38.512048216438345], ["830", "8831", 97.29847481558615], ["8831", "830", 97.29847481558615], ["831", "1039", 39.67863862030852], ["1039", "831", 39.67863862030852], ["831", "7821", 193.99023430865506], ["7821", "831", 193.99023430865506], ["831", "1089", 46.26536000951409], ["1089", "831", 46.26536000951409], ["841", "878", 42.13860764788429], ["878", "841", 42.13860764788429], ["841", "7597", 26.056644523990613], ["7597", "841", 26.056644523990613], ["841", "3657", 28.62106579219976], ["3657", "841", 28.62106579219976], ["842", "7523", 44.477094148416846], ["7523", "842", 44.477094148416846], ["842", "889", 108.81665280009673], ["889", "842", 108.81665280009673], ["842", "7533", 6.922979147142018], ["7533", "842", 6.922979147142018], ["843", "850", 130.26654598632686], ["850", "843", 130.26654598632686], ["843", "939", 89.60726129347611], ["939", "843", 89.60726129347611], ["843", "938", 83.81837296665084], ["938", "843", 83.81837296665084], ["848", "3787", 28.615804182327274], ["3787", "848", 28.615804182327274], ["848", "3788", 15.44832733033666], ["3788", "848", 15.44832733033666], ["848", "8462", 0.638992829888521], ["8462", "848", 0.638992829888521], ["854", "5129", 19.5287655293983], ["5129", "854", 19.5287655293983], ["859", "5877", 52.420816252107514], ["5877", "859", 52.420816252107514], ["859", "8409", 41.36165728968027], ["8409", "859", 41.36165728968027], ["862", "1100", 7.753092700533771], ["1100", "862", 7.753092700533771], ["862", "895", 10.994227774639631], ["895", "862", 10.994227774639631], ["862", "7490", 115.7972491319212], ["7490", "862", 115.7972491319212], ["864", "991", 111.47624241040424], ["991", "864", 111.47624241040424], ["864", "877", 139.87710997899345], ["877", "864", 139.87710997899345], ["867", "870", 64.0732262471779], ["870", "867", 64.0732262471779], ["870", "5726", 44.69517598639623], ["5726", "870", 44.69517598639623], ["870", "5021", 58.811467071816736], ["5021", "870", 58.811467071816736], ["872", "907", 7.152484160683074], ["907", "872", 7.152484160683074], ["877", "941", 75.90822686200319], ["941", "877", 75.90822686200319], ["877", "5751", 68.77515648050132], ["5751", "877", 68.77515648050132], ["877", "4818", 54.91403952345135], ["4818", "877", 54.91403952345135], ["878", "3652", 93.48768562519467], ["3652", "878", 93.48768562519467], ["882", "3192", 68.31208832887188], ["3192", "882", 68.31208832887188], ["882", "5739", 127.26509033071271], ["5739", "882", 127.26509033071271], ["882", "948", 85.56493565337772], ["948", "882", 85.56493565337772], ["889", "5739", 5.428075193078572], ["5739", "889", 5.428075193078572], ["895", "5852", 40.139365414849074], ["5852", "895", 40.139365414849074], ["895", "5853", 113.86703233746223], ["5853", "895", 113.86703233746223], ["907", "7613", 22.530124787102157], ["7613", "907", 22.530124787102157], ["907", "5732", 39.06316309598652], ["5732", "907", 39.06316309598652], ["908", "3655", 3.424740016124826], ["3655", "908", 3.424740016124826], ["908", "7597", 25.05392732082376], ["7597", "908", 25.05392732082376], ["908", "1104", 127.03874716942532], ["1104", "908", 127.03874716942532], ["927", "1033", 19.167253030661822], ["1033", "927", 19.167253030661822], ["927", "8257", 5.640940201566144], ["8257", "927", 5.640940201566144], ["927", "5727", 72.99593980838532], ["5727", "927", 72.99593980838532], ["934", "5790", 29.974226825999093], ["5790", "934", 29.974226825999093], ["935", "973", 6.750132545065422], ["973", "935", 6.750132545065422], ["935", "5102", 27.101945097027883], ["5102", "935", 27.101945097027883], ["935", "5101", 32.73187605405057], ["5101", "935", 32.73187605405057], ["936", "5360", 25.81749558265133], ["5360", "936", 25.81749558265133], ["936", "992", 138.04211024835487], ["992", "936", 138.04211024835487], ["936", "964", 198.65129017064862], ["964", "936", 198.65129017064862], ["937", "5745", 40.13671255878218], ["5745", "937", 40.13671255878218], ["938", "3456", 39.29272854860493], ["3456", "938", 39.29272854860493], ["939", "4038", 63.918047614147895], ["4038", "939", 63.918047614147895], ["939", "988", 90.08054413916578], ["988", "939", 90.08054413916578], ["939", "4035", 45.038161440231114], ["4035", "939", 45.038161440231114], ["940", "5731", 5.885199074858566], ["5731", "940", 5.885199074858566], ["940", "5725", 6.800169656913218], ["5725", "940", 6.800169656913218], ["940", "3135", 67.9167710841433], ["3135", "940", 67.9167710841433], ["940", "3749", 65.31710599213514], ["3749", "940", 65.31710599213514], ["941", "967", 164.83482031167617], ["967", "941", 164.83482031167617], ["942", "6906", 5.788122513880188], ["6906", "942", 5.788122513880188], ["942", "6905", 28.2745124801585], ["6905", "942", 28.2745124801585], ["942", "1227", 55.26202452883331], ["1227", "942", 55.26202452883331], ["943", "955", 78.9609918373787], ["955", "943", 78.9609918373787], ["943", "5754", 18.0459677823149], ["5754", "943", 18.0459677823149], ["943", "948", 92.99007342652133], ["948", "943", 92.99007342652133], ["944", "972", 97.72198784105085], ["972", "944", 97.72198784105085], ["944", "956", 171.56587347344322], ["956", "944", 171.56587347344322], ["945", "1205", 69.39133312378479], ["1205", "945", 69.39133312378479], ["947", "974", 83.21464112613283], ["974", "947", 83.21464112613283], ["947", "5873", 21.49322964100649], ["5873", "947", 21.49322964100649], ["947", "986", 40.79824818055315], ["986", "947", 40.79824818055315], ["948", "5749", 1.368604198524454], ["5749", "948", 1.368604198524454], ["949", "4979", 59.3825822608612], ["4979", "949", 59.3825822608612], ["949", "4977", 54.36665483270209], ["4977", "949", 54.36665483270209], ["950", "3859", 39.45733122565637], ["3859", "950", 39.45733122565637], ["951", "5865", 62.814498005592924], ["5865", "951", 62.814498005592924], ["952", "5526", 39.920984072028844], ["5526", "952", 39.920984072028844], ["952", "976", 45.94618707583453], ["976", "952", 45.94618707583453], ["952", "957", 15.564854052977093], ["957", "952", 15.564854052977093], ["953", "958", 26.174997859935658], ["958", "953", 26.174997859935658], ["953", "3951", 5.578934771933552], ["3951", "953", 5.578934771933552], ["954", "6606", 22.460005852361682], ["6606", "954", 22.460005852361682], ["955", "979", 63.18717318504026], ["979", "955", 63.18717318504026], ["955", "5751", 38.06855372417773], ["5751", "955", 38.06855372417773], ["956", "970", 49.54603698005247], ["970", "956", 49.54603698005247], ["957", "995", 41.32767949442529], ["995", "957", 41.32767949442529], ["957", "982", 5.128627689861228], ["982", "957", 5.128627689861228], ["958", "988", 92.26979408513317], ["988", "958", 92.26979408513317], ["958", "3951", 27.795493421129066], ["3951", "958", 27.795493421129066], ["959", "5101", 8.137460578277201], ["5101", "959", 8.13746057